4617
2595
8056
4205
8746
4565
5228
829
3402
8639
2088
4597
1292
4011
6964
1712
9882
2953
7038
1550
1760
2142
6698
5298
2023
4002
74
6160
7375
3945
1881
6641
2255
8339
9134
7722
5765
3272
1722
5301
5459
1020
3067
8028
5131
6561
4509
2712
3748
6389
893
5535
5567
1466
626
6383
2569
1007
2324
6204
6976
9837
392
9112
4715
2525
8632
6913
8061
4708
7648
4422
6668
16
5086
8244
613
563
84
521
9281
6209
4638
4246
9191
3096
8786
4356
5019
489
9260
2642
3665
4378
7792
5947
6564
5344
7261
3666
8756
1542
2827
7153
3696
1469
5948
7907
4018
7549
3839
4812
7281
5119
6434
903
5758
1285
1985
808
6075
2286
8864
7344
7449
1823
8208
4817
4692
4745
7953
1284
3880
9497
7816
938
7928
6633
2296
2516
4307
8526
4433
4240
9864
1491
1915
6718
6368
7715
5145
3775
355
7860
6326
3655
4462
9951
9747
8500
9736
1588
8642
6929
1165
6770
7947
1023
58
3844
795
2491
598
4321
5192
3228
4107
6081
7581
4710
3592
3574
7176
9772
7797
6008
8792
5200
7785
1048
787
3104
5010
7185
6154
5996
9024
2198
4128
4917
1027
8302
2807
9636
5009
428
9582
7799
6577
548
4427
4020
6809
9223
1784
2447
4491
900
5392
2117
3397
764
7625
7726
5498
9833
9705
8539
7288
116
9535
5496
8611
2217
3115
827
30
9402
8038
2489
9950
7664
6397
6864
5627
6677
3256
414
3177
8455
8774
2104
2943
5118
5040
7243
2079
6205
2904
8588
6699
7747
9155
4355
9609
5243
224
3986
3875
1140
6381
5731
3269
7480
4816
9349
935
734
1064
3068
4878
5872
8317
2212
4397
2375
1488
9434
1006
8103
2899
7555
9004
1053
570
639
9392
7179
3065
8004
9681
8472
4642
9370
1281
4730
2939
4707
2973
2506
3755
2571
7278
9722
8506
5655
4424
8877
6706
9595
4515
92
7013
8616
2932
484
8047
1351
7203
5757
6099
2719
2684
1576
2970
8892
4196
8140
3456
4552
6685
6914
3902
7562
2696
5624
9019
502
7585
8117
7936
9860
9905
2982
1310
9963
2092
1474
7924
7579
848
1099
6228
5803
5704
9391
284
51
9320
9464
5442
2194
8328
844
6256
7557
9741
9201
2683
3005
3778
6167
496
3437
8323
4512
8729
6090
9382
6142
9708
1857
5671
7163
1865
7607
6352
2492
5011
1379
7845
6155
6994
4797
7208
2294
6773
5180
5921
4700
3331
797
1412
7259
6221
3372
1631
2545
5467
6560
8547
2071
4524
1198
8576
3965
8727
8444
739
9436
4178
8739
6714
9548
3275
3973
1994
5599
9357
8744
399
4088
6263
8483
4407
5911
9140
5531
7078
8891
8823
6635
1729
9529
9252
5413
4556
5613
2674
6749
4153
697
1826
8294
3692
2597
5064
8947
1749
5629
8234
4113
6374
6110
4293
9263
5631
1057
3317
7096
1834
7440
7840
7528
3410
7803
8707
9003
9536
5969
6982
274
2196
9114
8010
9274
6692
7009
5559
9753
5336
138
1363
8110
7415
4863
1174
5205
8071
3747
3194
1126
3201
916
4127
2365
634
8861
7529
2383
3290
3993
8598
8146
559
9474
3845
9347
2326
3872
9074
4404
8486
7543
3081
9676
5600
3863
4547
4279
7316
1997
5767
3428
2638
397
1692
1112
4026
3892
592
3030
1026
748
5673
821
8591
3891
5897
416
7487
3894
5972
6885
7506
9607
9449
5679
5219
9830
2137
8584
8510
4873
8479
5711
1820
4114
7242
5727
1705
3884
8118
7468
2013
7616
4335
1743
6108
2057
8009
7725
8904
3107
3514
8643
7875
6208
1172
3729
6939
7765
6437
1243
432
579
4757
359
4925
6094
1879
2608
5809
1675
2815
4800
5912
2152
4191
7906
4930
9970
1728
8636
1036
4645
2175
9984
1575
4062
6911
4998
3694
3581
6806
3559
4640
7558
8290
5799
3106
485
1202
2605
4563
8049
5222
8759
2762
424
904
1794
7240
5319
3714
7965
3077
3258
7455
6965
197
972
8704
5952
9715
1082
5201
617
91
676
9124
7467
8630
9123
3236
5683
6590
3197
6217
1115
8919
6833
5900
5870
8974
5371
4567
8820
549
8613
9496
7207
9572
1618
2922
6327
8418
9606
5762
9080
9827
6915
4646
3487
1311
4890
89
2202
1283
3465
8814
3810
1582
184
340
3273
1081
6311
7462
1780
351
3660
3314
7669
3004
6687
9698
125
6655
9138
1251
873
1514
1481
7612
2252
2211
8605
2686
272
2790
5053
7631
7248
8261
4269
4125
6321
9262
732
3230
9583
9644
7560
1265
8235
659
9429
3324
6920
8223
1229
2206
1998
3066
9292
1813
7691
7258
5266
9817
1627
6337
5582
8144
5363
7968
3248
3668
7869
8011
2169
4656
2809
2916
2029
9490
243
7719
6860
5280
6884
9311
1537
4163
5656
6291
7452
5153
6206
1065
499
5554
5701
3352
5980
9903
9341
1893
1719
8917
6021
8450
6945
3079
4883
2961
9625
8356
2185
9166
7157
6569
2166
5821
7279
9359
3145
1509
3739
140
7708
2010
1385
8063
609
6843
7419
3997
4028
1374
5928
2676
4238
8389
1940
8279
2037
3830
1796
57
4676
8196
7347
1003
2145
6989
2709
575
5281
1950
2728
4174
631
8197
8466
3046
8608
8353
3353
9931
1740
6775
5979
2310
3254
2842
558
7937
7863
1113
1294
2834
8592
8623
6162
9328
486
383
2351
2244
3135
3214
2146
5880
1389
2718
7377
3471
7069
3
3336
3500
8377
6464
814
5407
4198
8985
8545
9783
5324
8710
2377
7814
9823
6202
7813
5962
2345
7143
7438
2063
9250
8728
942
1903
5610
1411
6597
1625
9342
3648
9371
9198
1565
2824
7737
1543
5209
2077
7245
9638
9343
5922
4619
2778
3659
7394
1687
150
3771
1094
3519
6132
5836
1839
6572
6073
4274
8546
1131
3158
8514
8652
1250
8277
2780
5099
4495
8807
6584
8027
3171
258
5012
9400
9762
5474
3470
5724
3656
4204
6401
9487
5396
3435
9394
8048
6443
5646
4784
6575
9857
2551
5501
9579
6991
6040
4727
567
7271
50
9247
986
9291
3540
9061
1827
387
7707
8207
2398
1346
9935
4176
6467
3502
2583
9914
141
1836
6630
273
9574
3888
7216
4659
6174
275
1872
2643
513
4201
1959
8509
9108
6180
3016
2717
2713
7738
3423
913
1667
4624
2444
858
234
990
1809
2251
4483
1274
2644
5044
6259
9235
7580
910
5895
6899
7293
1665
1015
3235
4259
3292
3298
9206
3468
5140
5669
7695
5052
3522
1060
9750
8770
3647
6499
6120
3504
5523
3394
4866
6950
1132
4845
6414
5430
336
357
7735
2655
1308
1495
4264
561
7103
9419
3705
2067
1034
1270
7305
6716
752
6284
2476
8352
6453
44
2819
960
608
4854
5573
1978
3857
9052
3498
7705
5321
3802
8066
7450
2613
245
8517
9104
8378
1598
6183
9788
1416
2991
393
2600
1388
4932
430
9898
5915
3633
9026
7456
7938
7801
3843
3510
7158
3649
2459
2538
5495
1810
8490
9655
2705
3583
1801
9825
8789
4922
135
2097
6436
4130
1111
1783
9517
5220
1199
6404
6483
6468
5256
2523
5438
9937
3401
5955
9687
2682
8194
6760
7263
6253
209
7228
4261
4682
5695
8825
8393
7596
2940
9867
3377
1531
743
5043
553
268
9500
2414
7441
8374
7811
472
1818
7324
3299
8544
3310
9125
9580
2028
9338
6602
8818
6478
5925
3667
3233
8193
7881
4568
6265
9699
9076
8064
6129
4536
8579
1931
5528
9314
4203
6181
1037
5634
3624
7264
2883
7076
679
2331
6631
2007
3130
9481
2637
1981
9116
9660
5865
2300
1798
42
510
7520
5977
4743
5801
6725
2062
9710
688
491
9173
554
1975
928
7230
8532
4668
6614
3752
3690
1523
4367
1566
2384
5686
7934
5738
7979
2880
7064
6274
8191
470
8481
5522
5088
3750
9929
868
1467
1141
9502
9297
6276
1021
5766
963
5330
4129
3494
1776
5105
403
4814
6131
8907
3686
5217
7826
3488
7498
6954
5754
2096
3515
7371
9885
2287
9983
5891
2361
4522
6341
6528
7962
2598
4158
8446
9622
136
8560
3955
2691
289
9547
214
8189
7246
5094
418
1413
614
3545
8983
7029
3199
1549
1009
2407
846
5161
8097
866
1581
9034
9545
3962
9234
2657
538
2416
9820
3320
5735
8452
5225
4997
9128
1551
1213
3855
3219
6156
7326
1158
1678
1340
591
9393
2596
8621
172
1890
9479
1624
9098
6501
8953
4472
1727
4303
5939
1154
7904
2635
3165
4589
4857
6767
4648
2958
3941
850
1852
6816
8881
9669
9742
6926
2752
7746
9462
5570
1418
6288
1142
7687
8336
6141
1945
2661
1927
8388
3890
8694
4641
2620
4612
6683
6999
6367
2308
7626
2859
5176
6516
5643
2069
2816
1614
7945
216
984
2005
9617
1528
1063
7771
6922
1461
6317
9675
7940
317
5742
4358
8205
4375
1657
4869
2547
995
5022
6783
9249
8912
415
2360
1221
4154
66
872
9325
5596
2893
3723
1898
6666
5060
3452
7280
7154
9383
1535
8172
358
632
1516
3208
3087
5213
9850
8447
3758
9637
2706
117
1399
306
6444
3840
8718
1303
5038
6744
4141
1207
7743
1921
8268
2755
4785
7463
708
6944
9848
8180
1758
2024
4329
250
6324
9752
4
1364
7190
2348
8087
3274
9194
6063
2810
1042
9319
2965
3458
2319
4167
4981
1533
9982
1458
5591
4342
1130
1143
6223
8192
6876
5427
6222
8416
7057
1438
2864
7749
6606
6149
5885
819
8390
4837
9340
6244
6126
6975
8581
6310
3341
1375
2099
6841
3742
5875
9682
181
5916
2588
8415
4975
5334
431
9275
4789
6546
4849
8434
1195
9398
4780
3644
6406
8426
1954
5981
4828
9978
8838
9106
124
7285
5830
6084
3675
2051
95
454
5093
4594
3784
4400
6140
3938
8349
4189
3537
6356
5306
9604
4247
8880
7174
5149
4060
353
4508
1587
9805
4173
1761
4898
5639
1855
803
2785
328
68
712
6346
6211
40
2480
3543
606
3112
5287
7598
1339
1109
6746
6737
9567
3731
8167
9245
9188
8376
2188
55
6643
3637
4057
259
2177
8473
8492
4747
1459
9514
8300
6762
7444
5794
7922
1408
215
7817
1556
8924
9877
3139
8069
8174
5092
320
4945
905
7075
8006
3143
3490
927
3448
5480
5491
5047
6
4889
9740
4688
8282
7754
3454
1592
3529
4448
4647
3899
7745
8948
6488
5419
9875
2260
3780
1926
3653
6829
1033
4044
7378
1483
3416
5960
49
7789
4421
3146
4655
1395
4150
9056
8100
1559
2221
2068
4417
4387
8441
9375
8918
5620
1017
5190
1325
5609
4426
653
8956
8474
7122
3991
5374
1470
991
2460
9062
7517
4529
2458
9409
7418
4672
3982
3166
8141
5768
4709
6015
4954
5770
516
315
5861
8995
9771
3262
3605
2749
2219
7700
9745
1976
4703
8533
7850
1357
6226
3757
2521
9199
3828
9379
8076
3311
9734
7764
4499
4373
3347
442
1870
1056
9049
300
9731
3243
1420
7356
6340
7352
6302
3357
2694
3530
4280
261
144
3725
7008
2494
208
5264
2015
870
3300
4650
5882
782
9526
2689
7681
6463
2461
586
6417
5107
6275
2487
6800
3562
7588
8281
8550
1110
9285
2301
5499
4099
3176
6111
5485
9534
3987
8198
2128
889
3335
5414
7977
7547
4310
1218
2854
940
4409
3538
2787
9256
5481
1269
8147
2210
1317
4835
6416
3460
8561
9254
952
8557
611
9160
8534
1263
4534
785
3155
5681
1319
4233
816
7614
3630
6418
9333
335
9960
2801
7251
9661
8649
755
5183
2256
641
2309
7016
2621
4958
2681
2267
8661
4059
2782
9413
1920
8709
8136
94
434
8693
9656
464
8397
5260
6791
6392
7808
7609
3358
8088
1771
6343
8775
842
8175
1900
9219
9889
6344
9886
7336
4112
8002
7727
2133
1335
6215
7519
1409
5218
6013
7720
8741
2253
2298
3395
3134
2428
9329
5333
4041
4121
3507
1212
47
8878
7895
869
9202
2763
7538
8085
7110
9321
4281
7098
5529
6660
3093
6979
5740
9408
8763
5384
1123
1759
3697
8521
1244
5412
7146
2594
9651
1629
2562
9603
9433
7544
3952
3852
4626
4275
6869
3726
244
4778
5525
7807
338
2823
1726
4224
5663
5579
1658
2364
1817
7346
8311
5386
5403
9972
4054
5951
7635
14
2155
2019
8740
7123
4679
6005
7265
6262
3834
3816
9538
342
3602
290
4478
8876
937
8096
4454
9444
3929
8054
4437
195
2500
1360
3557
4636
2231
3126
8894
853
3759
8788
6612
1106
4502
9927
8768
20
5942
5112
1443
4574
8531
9541
5434
1986
7762
9920
8966
863
3954
5477
800
8527
4187
9028
5062
1450
3000
4455
77
1724
7984
3886
4230
6216
791
8522
5628
8752
891
6245
348
1755
5083
9811
5986
9577
2711
6942
6382
9821
5944
8335
7135
1378
2395
6761
7327
1286
4116
8862
3657
6547
9921
5863
7267
439
9981
8808
2532
8275
543
5658
3334
7219
4971
4073
6961
7071
9461
9814
2575
7459
965
2448
7424
6818
3440
7222
9527
5098
3774
4687
2224
1520
3871
9161
3286
282
6867
4719
5034
5662
4941
8989
3555
7954
4267
5077
2254
1793
534
6553
4899
6842
4266
5749
6948
1901
8991
7886
2658
447
3699
6092
5661
8854
7967
966
7007
1084
3241
440
3296
5894
7827
2515
8115
4283
8832
7115
4013
2648
9312
6151
7165
1046
9730
2378
5262
6124
5121
6393
9723
3054
8901
3203
1917
5726
1503
7187
7523
9085
5391
9270
4705
1561
8831
2947
3885
5018
2697
8794
8914
1596
7308
2410
8081
7442
5577
4967
8016
6161
7272
1209
3260
8438
6163
7020
8128
3484
7408
680
1929
2445
7867
1974
7752
1136
7373
6830
1277
5527
7718
3412
4277
6402
3636
4699
1853
1884
6538
2225
6009
5543
710
6471
7124
8773
3604
8981
2073
400
9897
6187
7660
4345
9376
8394
8370
6498
1460
438
864
2633
6136
997
5316
6896
2962
584
5008
4639
8424
3617
1316
6757
3283
4237
5387
9761
9344
2690
1000
9989
8018
5446
4920
2917
3882
2721
7531
3308
3493
3935
5849
2599
323
4599
2748
7994
3149
2976
3405
5616
8879
7090
9852
8381
1485
7655
9008
3190
5515
2463
6593
6815
5349
9853
8955
1083
4774
5323
5175
7079
4912
8804
1822
7591
6834
600
885
4578
2172
5741
1433
2180
3735
3407
1831
6449
6681
9793
5385
7533
6637
4991
3974
3192
4081
4047
8293
8301
2389
9255
9523
4459
6722
8033
9724
6153
9551
1156
7923
3017
5303
1693
6853
4758
6281
4513
1688
4582
7191
5699
2645
3910
7270
7117
6717
2992
8297
3499
7916
3819
5033
6520
5905
6652
4466
5071
6676
8847
8863
3634
6316
6545
773
5879
9072
8154
8413
8541
5633
3724
5242
3451
9721
2732
9565
7312
1685
2451
4532
3897
7376
6054
8888
6171
5526
2473
9399
2415
1560
8005
875
337
9364
854
7060
1773
2784
6759
2913
4614
6753
3156
6320
5409
5710
8326
8975
7397
7891
1935
6795
4602
5810
9544
4959
1947
4527
3374
3381
2771
793
5132
8662
5252
391
247
7812
3255
6768
2865
4906
4916
4482
4194
479
2526
6736
9690
3959
322
4328
3812
9778
9070
1744
8329
4490
6708
8406
5688
3463
3072
3558
2572
8885
6952
7568
2558
6137
3826
7685
6333
1590
1331
4164
2743
4680
253
9872
8886
6928
8607
7322
4227
7144
5660
4977
4442
3180
6441
7810
1806
339
7858
950
4842
8251
6227
8997
823
5626
1012
7728
3579
3179
2747
2347
5703
709
4056
8037
6824
8957
707
7002
6566
2902
7770
4896
7780
7946
649
9230
5800
386
9350
3804
897
9083
2396
1742
8220
7127
8875
5109
3467
8946
6971
36
6234
6990
8291
4349
7594
3949
1830
6232
7677
8227
2715
9203
8670
7841
6044
3082
6273
3330
9177
151
6863
3133
8691
8334
8726
6372
4474
6199
3056
7578
2160
2557
6188
9435
225
1659
6089
8748
577
3870
517
5208
7116
3765
949
1206
7388
8184
9043
6598
6152
2978
5644
2776
6662
3196
9175
8828
7464
2652
2223
4938
7957
9700
7948
8967
7956
7226
648
137
9099
8735
9670
9891
3184
7970
2493
1391
200
1091
8082
9283
3195
3475
1352
5096
8074
1376
2424
4186
7704
6122
9339
5124
4190
122
9906
5926
3382
1419
5985
7777
390
2149
3152
286
1932
945
1603
2268
1735
564
7590
487
2329
5761
1696
3671
7847
2200
3153
4928
4145
8937
5221
9111
2933
7068
5889
6645
2540
6636
9212
518
9119
5045
9135
7065
8031
778
311
509
8963
4297
1864
7488
3147
1923
5317
6102
8270
3811
8090
1342
7384
2907
3720
9600
6574
6682
2584
9142
4988
2798
6158
5959
2950
1261
7512
5113
4555
5146
5622
1035
7831
3919
886
7729
9949
3417
260
1946
1246
1187
724
901
4133
1868
7502
9648
728
1168
5411
3047
3766
2064
4098
1259
4301
7600
711
2720
1455
4313
5404
944
8429
1918
332
4420
4348
4581
9632
5041
6828
4486
5455
6509
546
8906
4674
817
6573
7253
4050
7537
5995
413
4943
4902
7268
1146
8273
7182
7507
3095
5292
4538
9179
8551
283
7224
7247
4935
8724
6014
8874
2126
610
7081
7654
2555
5796
3268
2344
6403
1492
9087
4315
3950
5854
8164
4683
8699
1208
5091
3264
31
285
6987
3889
1119
3293
8126
4000
2373
5614
7142
1666
9330
6373
9310
7882
1570
9167
6508
1018
924
7678
4068
998
3968
2340
5005
4704
3034
2967
8219
7902
7888
9879
5940
7622
1757
9666
7097
1663
7925
6836
2134
1314
2016
7421
9228
8414
8230
6967
1219
3988
5158
9346
334
4531
6322
4241
8201
7282
4805
4718
5227
4884
560
1934
8926
1699
2522
3321
615
5961
2530
9418
3520
3621
7932
8678
155
5279
6330
2818
8757
8625
236
7213
4826
9605
5777
1892
1
4788
2618
3220
7321
3979
2672
770
1002
4076
2434
1936
9117
9451
4001
4775
2828
8884
1338
5823
5437
2288
3846
8059
6139
1145
5473
1649
1944
4284
6420
2888
2744
6264
7832
7426
672
3024
7329
693
7470
1848
3791
2265
6148
4792
5055
9936
6980
8543
3947
192
2589
3620
646
8846
2087
4260
109
9208
7277
6782
8671
7564
1615
3943
5685
6043
2002
4939
2304
4518
4156
7194
6793
8269
8239
402
8304
131
6460
6214
9912
6083
7297
7961
3978
2449
2614
9121
6061
8111
5451
1585
5697
2380
2452
4120
2592
3628
9688
8738
8887
9048
6978
967
6823
35
9774
1591
6386
5194
5833
5295
630
5953
1337
2283
1745
8843
4913
6086
8120
4749
5370
6622
3813
2788
241
468
3932
7898
9571
5729
3022
2952
2797
1847
2937
3683
7286
2485
8
8039
7472
3625
547
6727
5376
2170
254
2215
5992
8800
6261
4217
4927
1256
3015
7494
7407
2862
3464
954
9295
3021
9182
7974
6640
9887
9440
6588
9626
6650
3211
1400
5239
7087
9473
8036
6895
9559
607
102
3709
3989
1302
2033
9027
7477
2349
6785
368
60
2187
6709
3550
5050
3244
2794
3071
8571
5650
9749
2316
3183
5238
9216
2151
1878
1694
4366
142
7989
5604
6491
3618
2821
939
9381
2603
6582
4067
6296
8665
687
2156
2154
5469
3496
2136
6571
9838
664
8101
9999
9066
7524
4821
9785
6511
8351
7436
1022
8631
1500
6856
1005
9979
3663
3495
9345
9059
3348
6739
7409
4595
8080
6413
6955
6370
6145
934
5172
9102
7804
6578
6147
583
5642
8129
3611
5578
5450
7573
70
1717
8619
7085
6477
4016
2075
3674
7072
8771
7431
9623
6052
1803
7553
4182
9411
3983
1497
7483
2107
8123
943
27
3240
8928
5772
1630
6680
235
6813
8209
1100
2877
7716
2765
7822
9614
4464
5540
5551
8493
1540
4613
7296
1028
7551
8523
7665
1825
5640
8692
5212
6924
2278
8624
372
681
9390
2090
6252
5181
6182
9427
3279
1774
2766
1812
5935
9775
7367
7501
1697
4603
9307
1051
6033
2086
2559
281
6260
1711
1204
5736
3366
1502
5826
4618
1611
426
7874
9407
2753
7241
1479
4207
6176
9094
1414
572
7710
8408
5120
3270
3350
1620
4652
6100
8498
8041
6533
6067
7420
895
2070
7569
8930
2830
9954
4819
5775
8750
1124
594
7287
3881
1066
8646
3533
8253
7019
7040
360
4035
6476
2675
8267
4824
7214
9243
3037
9508
3207
8003
759
8428
5756
3276
9641
1770
1062
5902
8503
298
6713
9064
6235
9840
8659
8341
618
5331
8836
9356
7701
7620
8796
4371
2871
5229
5293
8449
7393
4036
5892
4137
9353
6747
494
7423
8538
6875
2357
3326
1278
8407
4444
8507
3658
4467
1085
5844
6804
5556
805
5760
1574
6981
4860
6735
701
3154
7493
8138
5672
529
1171
4856
354
2072
2275
3914
6977
4079
7453
2374
713
1440
9358
6313
5858
8895
8815
5329
3461
8162
9450
909
6551
4540
2796
2546
7152
7628
7917
3876
5910
3473
8851
7992
7676
9810
7063
1777
3371
1068
6314
4452
2945
6903
3866
4309
5518
936
1230
8589
2993
1058
2239
5509
9204
7039
4984
568
2874
6522
4796
1431
1427
1541
9883
3337
4242
861
750
8305
1355
5117
452
7447
2811
2157
2343
5268
2021
4479
7059
1468
4463
5429
4765
5824
7759
1905
8173
4963
6628
2269
1882
9504
1886
8396
7615
6539
4980
6591
5177
202
8672
9640
726
7554
9293
6589
2722
255
9029
3119
4075
5998
3083
46
9189
506
8034
8973
2376
10
8530
1069
2454
7136
7323
8325
4787
2450
4432
4657
5988
9969
8057
651
108
3076
9506
9257
8961
8925
3646
7232
3549
9001
3684
9060
5465
5160
4846
7172
8091
6363
6319
6931
7774
8461
3760
7294
7446
1673
7105
2426
4894
1875
6993
2505
5700
9337
4192
1941
7042
6332
1293
7094
6007
6290
6277
5433
6686
3939
2852
9611
8871
9011
7335
9861
7617
8663
5866
6177
3339
8340
6473
4607
3069
111
8637
2014
301
1449
7993
7872
5847
585
5223
7315
9180
9218
7014
8767
9531
7048
3442
5949
4010
3137
1599
3084
5271
3131
4170
5572
5557
4292
6198
1966
5816
4949
7763
2844
6353
3503
9010
1086
3701
7930
425
2646
9832
4919
5129
5068
3905
7254
6930
2039
1397
4965
5447
1299
780
2779
6034
3895
6335
3808
1632
9251
999
7234
5237
4855
2812
6193
9620
28
257
2849
1584
3267
6625
7717
6711
2259
1768
1992
981
4609
9657
1668
5148
1802
1320
242
8797
1367
5423
8030
9156
6133
7410
6203
5048
7416
203
9200
1358
3567
4235
2925
3044
9780
6360
2764
7509
9693
862
3678
9518
1850
2905
633
4629
4557
9909
5445
8673
4985
3801
1129
8542
5929
1765
6366
8679
5532
8732
620
8228
9933
2850
2261
2236
1242
3596
480
1271
8572
661
1486
9503
3702
5649
8858
2199
1734
9171
686
5603
4299
4323
408
2985
5024
845
7195
5789
8382
8443
222
1887
4573
1216
6490
7343
7595
3117
9522
5487
5943
4177
2769
7791
2861
5592
3157
8264
5274
722
1266
3306
8400
2334
7825
3849
8371
5051
6998
7151
5159
2767
5778
9404
4706
5308
3332
1922
7368
9100
6349
8094
6592
196
4553
4660
6019
9205
5073
3835
6678
8362
6080
8299
6179
4003
6465
9224
2656
1951
110
376
7514
3793
969
4931
7798
8569
8313
7017
2279
581
7964
4425
3528
1704
2624
7611
7828
3883
8045
8262
8712
1633
2030
6387
9779
2405
1473
4372
2266
8124
1800
9515
1144
3443
621
2457
1942
6532
2502
3639
6617
7073
8940
2350
2670
1093
4615
2507
6550
3913
8013
8204
5114
5641
3862
2843
1161
6201
2242
666
5170
3418
9596
5694
5883
9665
7255
1544
6758
1494
9032
8850
8859
4944
3676
3238
5666
7362
5913
3014
959
8766
3359
1990
5276
6871
9424
4245
1602
2704
5214
6479
4451
3009
3603
3170
9368
8307
3741
6116
6348
4135
6642
7383
5103
9207
8856
6974
4892
1239
5792
7996
5273
7623
9367
3432
1362
4635
2311
1059
6797
5538
1644
7820
1262
2312
158
327
3210
477
7006
3627
5037
6042
8905
9578
228
8857
6164
3073
8844
6960
6410
4465
1752
1524
7887
3734
6361
9115
296
7593
6050
446
7257
9806
6810
1552
2333
7391
1741
569
9829
7835
3459
2359
9089
9896
2209
2490
3608
5797
7758
2119
1268
1010
1866
8866
1557
1979
760
2178
839
7173
1075
5058
5606
9509
8139
8055
7778
3301
365
9081
9258
5558
9058
8822
2139
5424
880
8801
3462
3918
8306
4302
2394
7289
790
2382
6601
1767
307
9482
6165
9558
2701
5751
705
1104
8368
753
7981
3206
264
8830
8058
9468
1710
9689
906
2282
2191
7166
5867
8782
1504
1698
926
4671
5877
5975
3815
1232
62
5025
2836
2078
3116
8222
4236
6287
7682
2829
8813
5890
5584
2391
7552
7364
6239
9420
4577
8073
5698
5460
6559
4525
4732
7806
1737
4391
1621
5084
4968
7382
2148
6029
7688
6229
656
8657
5054
5134
4384
810
7525
8035
4734
9395
719
5569
5185
9755
9507
9892
2186
9039
9091
6066
5514
4995
5049
6018
8721
4134
9652
267
8889
6159
4243
5617
4149
5702
230
9773
5080
1634
9719
6972
3749
3998
1117
522
313
1829
398
9649
4809
6968
2756
9792
204
189
7168
3053
377
6249
6157
6568
4675
6733
7211
7430
7392
1967
883
2641
4770
3204
2529
3266
9633
5393
958
826
6910
779
4276
7414
7159
9782
1871
1240
5125
3303
3716
9065
2388
3001
4497
5539
8633
8865
7592
1080
6909
2770
6811
975
8314
1899
9110
5560
6258
4393
796
9071
2270
4362
7070
723
9776
3613
4294
9261
5906
8442
248
3645
4776
9092
3476
3161
8910
1011
4759
2184
1939
3319
8142
5079
5354
2900
2578
166
3858
4802
2320
325
877
7703
2616
9639
3421
4520
3291
7670
7566
4623
3345
5835
7658
1778
5781
1407
6556
3222
9069
4521
3984
2497
7413
3992
3641
4077
4799
6777
9489
4740
2750
5764
746
1546
4369
1498
3118
1402
2733
1245
7010
5984
8451
6278
9331
3887
2421
4436
3277
1475
8839
6934
279
690
5709
4065
2979
6894
8834
2027
1964
8711
7109
6359
5968
9079
6778
2758
5310
5901
5787
9581
9425
7402
1116
6908
8098
2271
1619
278
5372
7233
1938
7856
971
6787
747
4202
6339
2496
8554
3928
7800
4287
8615
4564
5187
838
9871
7206
3769
9942
4043
7490
3838
8095
6658
1789
4604
3245
2418
2627
5463
1487
8602
2006
7178
8769
8609
4199
8092
7855
475
3798
7694
9380
3480
6230
6935
4052
9863
6046
2059
5046
2109
5106
4414
6535
7702
9764
4395
7429
1439
5284
4476
5989
1718
8512
1247
5822
4168
6552
7851
3773
3055
362
3284
7497
9610
3391
9628
1555
4722
4090
2897
9995
1854
5
6756
8361
2435
478
9587
7634
4523
8558
2258
578
7348
4402
5470
4410
154
4514
2313
9501
8274
8620
818
7541
6510
2488
2954
7539
4468
5904
4549
6751
2158
5713
6385
749
4353
7475
93
7680
132
5553
3776
6916
2518
6459
5069
5364
9659
765
3609
4481
3825
4165
2759
4403
4530
5454
2997
3933
5006
2773
717
852
7876
2957
6254
911
9075
3425
8779
3226
7570
2863
1434
2171
2626
892
6212
1646
5251
2703
1392
3908
5431
7697
2741
232
551
4089
6726
5017
8083
536
6599
7486
3761
2483
1973
4733
458
5999
324
3865
1676
3393
7864
9248
3896
6807
5240
7605
1856
9781
8900
8109
7540
7650
3799
4049
5537
6257
9354
85
2966
9022
3970
5081
180
1895
9229
448
4431
2083
5398
7951
1815
6114
4209
5637
6957
2604
1748
735
152
3328
5743
2290
836
799
8179
411
1226
8023
815
4385
7139
6279
5115
970
9018
1254
1088
6752
2034
2873
7050
7086
5100
9787
310
2663
7302
3150
1225
2841
9384
3512
2820
4331
2969
8195
4108
4795
993
2387
2792
6892
9916
5973
8837
7574
5653
7412
5075
5837
9047
5188
1846
1869
3288
9446
7170
1090
7624
4258
2315
9432
9238
1173
1118
6121
8714
4048
9791
2941
378
7052
8437
3108
6045
6469
1571
1044
918
2044
2582
4083
8399
1888
175
6738
8941
9093
6649
1664
4022
5390
263
5808
119
6872
6309
8689
7711
7354
8595
2576
4911
8783
9296
8007
4752
8883
7379
21
6541
4175
8860
684
867
3964
5851
6085
2537
7137
5072
1472
2455
2802
2736
8992
3422
171
5352
5508
4193
9485
8250
9477
2860
3544
1070
7503
4027
876
8755
5332
3953
6755
8764
6022
6017
2774
3940
9374
8422
2946
1638
6300
6294
8078
9021
654
3008
9465
6166
7317
703
6049
2355
6862
9701
8308
6128
6803
4841
4777
3492
5903
3278
4139
4305
3805
6072
4608
48
9120
4250
4308
6638
7141
624
8225
9930
9303
3263
761
2974
3942
6851
8411
4390
587
246
1983
7290
8799
1343
8482
8784
344
9924
1914
8626
7661
8454
3369
1613
1680
8573
8754
5965
8218
9266
7198
3925
56
2179
3563
8972
9691
145
8842
5982
8166
5795
8666
2615
7015
3295
9839
1567
78
4827
7559
346
4663
2135
4781
2921
5654
9845
6266
2399
1387
8298
4255
3122
5417
8485
8902
5326
9195
2688
7434
953
308
8459
7933
5489
5318
7610
6068
982
4091
8873
1430
2367
3261
9816
5652
5202
6889
7485
2038
9631
5342
7250
8518
744
983
882
2868
3234
4566
3626
1341
5347
5612
6123
1641
4382
593
6431
17
527
3532
3854
8908
6951
8137
6003
2274
6486
3232
7301
2866
9748
714
9035
8495
6001
1138
4551
2197
7320
4694
115
4007
7381
6780
4298
9695
2214
3074
8938
7911
528
1562
4388
3688
343
5345
5249
667
410
9146
5970
9077
1957
4251
7401
5715
6135
4790
9033
3144
8537
4632
917
2469
5380
8022
6031
1476
9678
8962
6901
159
8256
2436
604
9145
1554
5270
562
2147
8238
8655
2338
2934
5416
1609
2230
2201
7742
702
5664
1515
98
2481
4138
2806
7229
595
1477
2453
699
8971
4840
87
9895
7311
8582
8777
8067
7914
500
3148
1605
6558
9667
1896
7334
6555
1753
6849
5966
381
5353
4631
1092
6873
7202
492
6489
6580
3807
473
801
1157
2385
5002
6748
9178
1238
3564
7033
1837
3900
878
4662
1819
7627
6485
683
130
8029
9939
7351
2541
1519
1883
6997
745
2574
2959
8343
2988
371
4289
4519
4691
2539
6831
4951
1484
3588
4418
9397
8375
349
9009
6172
4234
4379
2783
8215
1323
2542
9947
8161
8458
3127
9226
6505
7657
3790
5907
4818
3455
5831
8226
7755
1824
8641
146
2307
3951
3560
2914
3389
4126
8247
7260
1786
8684
6251
6237
8903
6454
3140
1714
7944
9824
4583
662
8089
8468
2653
4161
1423
3351
7673
7508
5439
4415
9754
8148
5343
2162
5513
1205
9702
8489
1545
5141
2466
3823
4806
6536
3606
691
6857
994
9264
8132
9044
4830
6529
3429
6970
6446
168
3151
8978
9041
3198
1194
2299
9277
4374
6576
6355
6429
1019
8170
5482
8309
7545
5819
4667
9654
7340
2423
2989
7461
2131
4813
2368
2101
5638
6754
7053
6056
1329
2233
6503
6250
8477
1547
9308
1390
1980
3485
9304
6450
5918
6879
173
6484
7630
3312
6059
6932
7739
5719
1227
7667
3781
1306
7492
5676
3652
2826
4151
6619
5636
6037
4764
8936
6058
4364
4815
1370
5493
8829
5793
7988
483
1425
6865
6870
3193
2936
6423
8315
6690
1451
7834
316
8705
9677
8502
4714
3721
3572
8688
8229
2240
6286
2563
5452
5171
5552
9239
4119
4229
1996
9869
4576
4728
5716
5541
6293
6695
7389
2710
3847
8716
7534
2292
7880
677
7403
3960
3682
4969
5536
7982
467
5097
4257
471
1139
6307
6032
3751
4696
9516
1166
9976
8108
5521
1260
1253
7023
4511
7991
9000
657
4962
1228
8387
7577
9483
9454
3064
8233
3031
6470
6874
977
2867
3036
3556
5583
825
3898
3864
1972
2511
698
9590
3124
4872
4561
2084
1838
9361
4768
2751
4162
9162
385
809
4891
69
1672
370
1305
1280
8050
2141
4216
7672
2926
2761
474
2891
3767
7949
7399
565
9769
4109
696
9692
8982
771
5503
7647
830
3582
6173
3577
1405
4762
2543
6712
7861
2192
3704
4952
4086
4993
4772
4195
405
5575
7787
6415
9187
7132
7712
8566
3589
3610
5566
5395
9756
623
5029
7100
541
9915
4592
7987
1137
226
7659
6146
5441
5511
7036
5908
1478
1147
4326
1721
3060
5987
6585
2503
1513
7815
183
2346
1371
1421
7513
6200
526
9213
8897
6632
8182
1215
9549
3966
8781
7846
8044
8614
8996
8597
8113
3508
6792
788
3398
223
291
7128
1999
2890
2700
3679
5472
269
6345
2894
1359
2464
8012
3926
2912
5426
508
5924
1296
9505
2234
6883
9131
7985
1790
912
2870
7772
5632
25
3521
4978
6845
6118
9870
6567
3594
5007
185
4087
6832
590
4836
277
7576
5478
7314
6342
7262
6039
1356
2018
8001
8929
9634
3903
7291
2237
807
738
9335
3685
4506
5016
1191
8107
4389
7089
716
4489
3818
9616
5542
9974
1349
9770
1417
4678
2001
6721
3985
7829
5458
1029
2358
2293
3785
7121
7299
3553
9862
5087
2402
2631
9475
3975
4477
8065
1953
2964
1995
9366
8254
4982
9732
7437
6513
59
3743
9172
7913
1677
6700
6185
2754
1700
3873
2768
4782
1288
409
6271
1885
7474
8312
8465
5241
4082
2262
3251
5899
53
6953
4078
466
8040
9725
4428
7155
6407
9618
8977
4616
9815
1738
7359
3365
1690
9183
2519
7583
6764
9152
1521
7901
7390
5873
8952
3013
6246
2514
3387
5769
5476
7395
9645
9923
2580
9796
6325
4507
7651
3309
2289
1534
5859
879
2512
3434
8809
7482
6648
8713
6664
5027
7041
523
3111
3573
6433
4833
240
3304
589
5786
5389
1383
4179
7919
1751
9546
6629
7939
1047
8255
5267
505
9101
8068
1842
6769
4159
9928
822
7653
923
5294
6600
5930
2438
8827
9139
1558
7328
2314
2110
4585
3931
2091
9471
996
9057
3860
6919
3911
557
3552
5359
5102
1652
4848
2975
9899
9272
1377
5373
2153
6526
1309
7896
6097
3837
7432
2781
7744
1867
15
1328
1297
5179
8355
8812
6654
3164
4918
1747
6852
9185
3622
3318
5406
5182
4498
1203
5635
9532
7125
6665
4689
2339
2325
6827
4449
1958
6472
375
1013
4731
4142
6704
6331
1369
6822
4717
9499
7358
5085
8075
112
9716
3740
3101
1380
6973
4783
3640
9519
5042
9944
9539
9746
9561
4756
1384
4587
5365
9042
262
1201
3927
5717
4412
1231
6906
635
3216
645
2699
3285
8501
1016
1178
7871
9222
4807
6391
5784
3554
8278
2323
7150
1662
3524
1656
1169
3615
1170
3136
7884
9684
1105
4543
8133
182
4684
5817
6549
2680
303
4533
8410
539
5195
2122
8787
6963
6409
674
1398
9466
1394
1775
8265
6241
8155
7849
8634
8112
3707
1345
9888
4253
4893
1595
2342
8803
540
3035
9012
3453
5070
1594
9809
4012
5367
2855
8405
727
9668
2392
2831
3710
9674
7156
227
7200
6053
1233
1572
4461
9884
3948
1220
4755
7843
3779
86
929
6537
72
4910
2042
6521
2446
8337
7740
104
2228
914
9901
6634
729
6878
7309
3789
5755
2193
2591
6724
1279
8159
101
3593
6946
3491
4729
777
7575
3281
8745
1805
3598
7724
9738
5917
3786
4876
3921
7905
2550
9991
2249
1189
7435
445
4183
7032
3586
8651
5562
4903
3859
8736
5502
8513
908
7031
2208
6949
4909
6197
5712
5958
3385
6312
61
5128
7781
1499
4053
4737
1617
3754
9767
9851
3878
3002
7460
4763
8484
8841
9414
537
6439
2858
8690
7189
887
8660
3114
4625
2565
7587
9650
5494
1814
5814
9598
3907
5246
4055
9332
9533
3472
7795
9543
1432
3833
627
76
9874
3695
9416
6525
6497
4317
5144
1344
2531
6105
9051
5307
1930
5546
4974
113
4066
6012
985
5255
4937
2607
9401
8960
5133
41
9812
8927
4286
5443
6036
4325
1628
525
7021
3672
4140
6384
8923
894
186
6673
2250
5285
7830
9711
849
9378
4340
8436
7532
3517
3302
5971
6004
1517
8650
3877
8821
6178
1200
2886
9900
9151
2667
123
4923
4046
1128
9287
7931
3400
3380
4986
1511
5164
1653
9159
4024
7848
8149
3600
4822
9801
2183
6548
8703
5436
3629
8026
9696
3427
1702
7674
3102
2482
7360
597
176
4248
6794
5589
7565
7972
5082
8817
2568
6607
2195
5110
7784
2164
798
9153
7868
6421
9336
2724
5598
8114
3479
6531
2074
2354
4300
8824
3763
3325
5021
422
7910
1955
455
3632
5647
9369
9318
129
2471
1862
5199
5104
566
1401
7491
4501
2520
469
8790
5862
2685
9612
423
6801
7443
6358
1422
3078
8529
297
7521
3867
9122
9865
9348
5028
5288
4559
8221
2929
9186
3736
8060
5101
8872
9528
1334
2168
3217
3599
9593
4562
4392
9737
974
5351
2617
7776
7963
6091
9922
7976
9643
6745
4097
2923
5881
6388
5564
6604
7292
4803
8345
3142
3874
647
7652
6821
6504
2433
3568
4724
5166
3218
9377
81
6494
9831
9082
7130
7037
6399
4500
8249
3513
9575
4380
1125
3346
2366
6475
5601
6543
2660
8965
2892
6304
6838
9799
9803
4953
1435
37
374
2731
3509
9103
188
389
5732
280
2817
3803
6728
8404
8079
3186
7445
3052
855
2972
6691
2915
4117
2960
9940
401
6890
3693
8420
4810
824
638
9707
3673
1908
2049
5763
2440
4882
9608
8203
5507
8263
8102
5857
4735
5886
178
3474
4600
9181
7756
4973
832
329
2851
8849
3315
6125
83
3698
6213
961
8181
6069
9822
7668
8344
6986
6825
3121
6376
1067
8760
2495
9765
1406
1453
4858
2427
6897
9242
1601
1610
6540
3687
9472
837
4767
8570
4092
1289
1689
6117
5625
8702
4844
404
2872
9717
5269
5941
4122
7805
382
6524
7897
5721
6395
4698
96
2248
4148
1799
7637
4901
7879
8695
1304
9597
5602
1851
210
7411
3447
143
8188
1196
4006
8791
7091
8685
1049
7082
5997
3585
9720
6168
9602
2760
8252
769
2805
7643
5682
367
1564
4545
1041
7582
7973
9322
7218
7469
6938
1350
4262
1163
7104
5032
1772
4870
1076
7561
5856
8008
3085
6923
3213
5415
8062
741
3061
7239
2043
9570
1252
4320
8417
9227
174
1436
5020
4960
3597
7051
7355
4144
8206
5315
1336
2161
6481
5320
5779
2003
9727
5517
4575
4496
4218
2664
8987
1372
5291
8470
7619
2055
118
6351
1563
3691
8525
9130
9389
3239
4069
9855
2047
7941
4596
4212
5550
6065
3923
8853
2951
3936
6130
1480
4766
3795
4383
120
4535
7000
1679
9478
1604
6082
532
3138
229
52
4947
5405
8656
8432
5035
4232
2919
7751
5520
305
8153
1911
6282
3700
7339
7404
7306
9510
5089
356
2321
8667
8890
33
3717
4907
8288
6502
6297
9599
7353
9300
6127
9854
7510
8645
5788
5843
2093
7093
9685
9306
3297
3551
1952
2317
2822
5619
4210
4339
6610
2328
8469
9786
194
3937
7108
5725
4445
930
2609
2944
7662
1682
8855
4702
931
379
1211
2887
9476
5568
1703
2986
4115
5231
191
4885
5057
7061
8751
5250
8372
3404
3259
3419
5595
8125
7866
2995
4316
1648
8734
7853
7325
3832
3327
6887
4794
6647
8169
8395
4811
417
6518
5744
107
1991
2035
5708
5305
3770
2610
8696
8121
4996
2123
7077
8258
6002
7714
3247
7106
153
8245
3225
8564
6411
2475
38
8780
3070
5422
6882
3020
3708
4206
8810
1970
9426
2442
3783
4880
9412
4411
956
8158
193
1792
6781
3981
6362
4102
7225
156
6462
2777
6272
9988
1674
8687
2066
5651
4736
721
9463
5846
9278
2971
7842
3224
2008
4750
18
7252
8266
7768
533
1928
314
8737
6554
2412
5095
9562
7757
5623
5533
792
976
524
4042
6840
8480
5689
2425
1891
619
8552
3094
2419
5839
1361
2585
907
2106
3505
6586
766
9136
9220
6077
4423
5845
7782
4004
437
7118
4110
8677
3703
1150
1723
8367
781
3607
2113
9244
4992
8520
5771
2984
9053
6846
8176
19
8130
5733
6605
8986
4045
3616
6458
7504
4881
1616
2994
1880
9647
6959
4686
2111
7838
3132
4550
7516
8762
2508
3917
4131
8730
3469
1612
763
856
347
9955
7693
1315
6675
6150
5565
3642
9926
5383
3713
4377
8359
2804
9962
6693
2341
4517
9055
2420
3523
1508
1452
8289
6616
4591
4769
4586
8324
9054
3967
720
8496
4327
9158
6006
4492
4124
6243
8640
6789
288
6603
3040
5139
5976
3737
1267
2740
8099
3189
4106
8402
5534
1960
3542
7499
3403
8675
4214
4072
5563
5247
7212
4290
5696
217
4914
8933
5440
6493
6519
3105
407
4987
4357
2716
7909
8942
4278
1052
828
2443
9132
3205
2896
5782
3506
7405
5693
1913
6702
5348
8272
1579
3486
5798
5462
8795
1956
9363
9488
4064
106
4838
1353
4628
2098
3944
435
5512
5500
2742
6480
4222
2401
6298
2422
4333
8793
2837
4526
5189
2468
6482
9214
6624
7518
4677
6962
2335
9362
8283
8015
7823
384
2439
2012
7969
4084
9844
8072
8122
6435
1841
9025
7161
8627
1510
6076
5621
6837
6220
8354
3223
5428
7011
9712
571
5945
9273
4304
670
3097
5136
8403
1715
4453
4030
3012
6175
8680
6378
3904
9164
1597
5815
6451
5226
8580
2630
7180
3215
9550
8285
7337
3360
9469
498
1874
6390
4322
9836
786
5258
820
9992
2297
7466
6657
9566
2011
8840
2566
8596
5126
7750
3445
8046
3569
6947
9800
165
1766
7730
6817
6323
5065
2679
7197
4957
4008
3681
7387
9733
2935
205
5204
6719
644
39
3909
9299
7618
8364
2629
4741
3185
2927
5356
628
5355
7396
90
4834
2243
7223
11
6866
6776
6772
6918
8488
7571
3820
4634
3007
7833
8171
1190
1906
4690
270
4200
9540
3534
1889
4034
6565
2634
6109
8835
7683
9387
2942
7454
8951
8700
1024
4413
5832
1910
2163
7034
9662
6255
4864
2920
3342
9890
6267
9298
6184
9952
5366
2129
4933
5524
3167
9902
2330
2159
4288
9196
9511
1164
8758
9980
5337
6848
1214
5829
1811
8271
3638
1348
1237
2898
8945
4370
3806
3482
7365
9439
5290
6669
8629
4915
4017
2738
1078
9467
3349
1313
7238
199
8296
6798
7706
0
2737
5379
8448
5490
4037
276
1393
768
7802
7054
6623
64
9957
9977
4100
5759
3356
3379
5152
915
3431
3294
9036
3571
8042
9828
5720
4058
9107
7546
3086
4942
3677
9943
7043
1061
1623
9253
5860
1651
9709
3842
530
7284
7852
9919
3287
6992
3768
4311
8284
7894
2465
1716
9881
7527
8994
5576
3420
9165
8653
3313
4904
2948
7361
5878
5309
4368
4900
29
9592
5233
2938
3058
3252
2909
5297
7496
8798
1038
6941
8185
8257
7960
8664
1669
4332
6218
4399
685
9804
4630
249
1248
293
4654
2772
671
6350
5157
5123
7236
5956
6062
1426
1181
3307
6000
9315
2840
8475
9129
6805
9388
8119
5506
8178
2280
5665
7809
251
4726
3772
9784
6189
8674
3868
4584
3025
9554
3414
7342
3438
2581
8909
6861
3368
4458
8216
2911
7119
4862
3362
4964
2132
2757
4542
4879
5868
9031
5000
459
8916
6026
3546
8163
2793
5259
4015
429
6563
8528
8365
9524
2928
6095
8719
2795
4215
4347
7918
7572
5282
4681
5571
2835
6705
449
1324
7273
902
5299
7601
5805
8318
1902
7599
1713
1989
1354
2857
1530
9613
8976
1933
4661
395
4570
4239
436
6048
7476
2524
7548
718
5687
6380
65
4038
1102
2100
2702
3045
6936
8156
1640
2456
511
2318
1961
3191
8511
4621
8392
1977
4653
1821
3063
555
9789
2999
5667
6078
5841
7986
2677
3378
7046
899
5335
3670
1512
493
9143
2908
341
989
9880
5475
4712
1731
4859
5350
8761
4440
2362
6011
9619
3011
1197
6741
8958
8211
45
2080
6186
665
3612
4398
8574
1382
4228
7723
1988
7515
8610
1224
6270
503
9324
1859
8369
5090
2379
4273
7095
5339
2838
9808
2983
8635
1489
2213
1290
3390
6101
3745
333
5206
9385
5745
6507
8600
8723
5919
5377
3128
5143
6425
2556
9148
7235
2662
4341
9210
6169
9014
456
5657
9967
6917
7999
2876
9271
4868
2729
4579
3160
9015
5375
9971
9859
6542
4748
9794
9006
5277
7733
4994
8321
6016
756
6289
5648
9109
776
8785
6377
7606
5994
1622
7636
601
7374
4503
1987
3042
9569
1971
4658
2204
9664
573
3212
5510
8427
5408
7363
3946
2413
8346
9552
4493
7903
8127
7675
7047
7386
7018
1188
2534
3375
396
7686
1079
3580
2176
5938
5967
5927
9163
8491
9088
1845
9493
1912
2587
2628
1706
7997
7741
8898
2058
1463
5806
7406
8276
1332
7478
545
187
2285
8969
9410
9484
4569
7921
3361
8177
2734
9365
366
5871
5322
1444
9313
2369
5232
3413
9231
6639
7210
5464
4093
26
6224
3535
8944
6983
1347
8599
8556
4887
6240
6656
682
2671
1843
9302
2218
3661
8565
811
8540
4721
4152
7056
3415
5630
3821
9118
4118
4548
4021
4510
9847
2611
501
7330
9621
1701
4546
9986
6233
7597
8259
8594
7556
9627
6609
9294
3980
7862
8342
9443
8025
643
5820
7908
3511
206
453
7425
43
4601
9
7209
5587
4450
4804
8990
5585
5340
6238
8654
9683
637
9990
9819
784
3354
9459
4351
5328
6248
9642
5362
9038
8772
7857
580
6679
841
9192
2125
8494
6653
9975
3057
9959
5154
3851
239
9658
3120
8183
7099
7428
8935
2885
1877
5706
9236
2103
6802
4921
4254
8999
5151
7204
5504
2553
5898
8463
2017
8593
6375
5848
4611
7550
6688
7536
2881
1529
3051
7244
2639
5461
8445
3575
9030
9197
5296
6888
8811
8242
6701
2432
1684
4484
2560
8617
1518
2561
2
7736
7055
4312
9154
352
3570
6615
8778
2430
4188
5066
4101
4319
8806
6103
3566
9288
2232
1754
1322
8200
1103
6364
550
3344
3080
3715
2906
5555
3481
8214
4865
1465
7266
1097
8224
6379
8360
1193
5840
5993
6301
1670
4897
992
71
9113
3229
6210
4244
1326
8717
8160
8093
1968
6893
3497
7357
6984
8583
6651
3182
8348
1807
9653
7138
519
9174
6907
1769
8968
3265
4220
4291
3029
8145
8998
3282
7732
2247
860
179
596
4434
9795
3033
8401
9556
1876
302
6925
7318
7221
7786
5802
8743
9170
9706
8476
7341
4853
6457
4268
9868
3912
4061
4560
6025
6732
6814
9807
9904
5063
2789
444
4282
9326
2050
5015
7920
1924
4031
8131
6427
4695
8430
8701
4823
3355
7307
3006
2264
7333
3113
4051
673
9352
1750
9494
2020
4664
3363
9932
8186
8316
3129
99
128
2903
8000
7836
6620
3814
4271
5963
5397
1797
6096
7215
3449
6422
5675
3280
5078
8187
1937
420
167
126
9068
8457
5138
5730
5013
4416
4554
5774
1176
531
221
7526
7044
7164
6847
7181
4666
1840
8676
9157
9679
3172
7684
847
5605
5618
3090
1321
6562
3787
6742
4296
6112
2654
9996
8536
6904
6354
1577
2536
5780
8644
5581
4877
6306
6035
5773
6611
6448
2190
1301
5670
8848
6743
7563
9168
163
5668
8190
9858
5684
948
5471
4528
7120
3841
5737
8433
922
4929
5358
4786
6419
198
1788
6461
1482
2528
1135
207
4443
2393
2878
1001
1782
9876
7026
9282
7837
6850
6010
8753
9050
2026
3722
1291
4470
7788
9945
2332
9237
8319
7274
1429
4843
9211
8601
252
1149
9495
3050
1152
97
4430
5909
1179
9672
4761
8116
3457
5400
2901
2665
2730
8143
762
9372
1779
6891
2165
8347
5156
6308
4861
2478
3712
1949
2390
7088
9686
4181
3587
1916
8852
7890
7
6225
7220
9492
4744
4713
2222
4820
312
1210
2586
8240
2127
700
3995
7639
2590
7767
1045
2054
9133
4146
5838
5574
9013
3163
2372
2408
8697
2291
2839
8332
2678
7162
2120
2303
7877
6064
6315
973
4558
7666
7603
8586
8439
8366
5360
4537
3221
6093
8232
5425
7107
9096
4071
740
9073
1148
4295
2263
4580
8077
9190
9856
1234
2977
287
1785
9913
319
4457
2659
9141
2173
2138
1087
2363
5163
7177
3732
5888
3188
3718
8260
2693
1257
6734
9105
1919
1456
9415
7632
2813
920
1569
8943
5327
1568
4950
9946
6868
8310
4263
9023
6820
3322
5435
2649
2602
3856
7995
4085
3706
9763
1791
4025
5812
8618
8911
3049
888
650
6292
4908
9777
1159
582
2207
7385
4014
7457
3091
3174
7269
5346
4723
5752
3501
3343
2094
3662
9760
7927
6299
4396
1593
8478
3915
9265
3227
8303
1709
24
4019
6905
9279
1608
2918
4381
6424
9209
3039
4874
2203
7102
8462
5827
5186
6247
9301
3338
8385
7380
3062
4693
9537
7332
7025
6047
9215
8471
6088
5811
4249
490
2441
1275
4394
7171
2000
8603
6357
9063
427
3159
1121
7193
2031
3958
5313
6023
5304
419
1539
6663
9849
9269
4471
6715
170
1993
433
7028
4376
9046
8590
6134
3249
2808
8698
5842
2462
6579
4839
1330
2081
6492
3727
1107
2570
890
2510
5167
6041
3089
4123
8017
103
9149
9284
54
9007
7584
7959
2998
2216
4172
1660
3969
5990
9176
1589
9452
2803
4875
859
9704
7638
7522
8391
4359
6070
9512
1733
6786
5718
6796
9563
1223
9589
8499
2411
576
6115
8380
4208
4456
7943
5545
8867
321
5790
5184
3623
2698
4544
2474
3048
441
4337
1965
7192
2714
2144
4808
5147
8921
2246
6371
7186
9729
8292
7929
8681
361
3547
8516
7201
1327
4627
7074
6207
2220
7004
2336
9002
2076
4831
851
6318
1490
9739
1507
7345
9457
1835
9289
5783
9918
3411
9744
8505
6670
3531
3539
4070
2477
5923
5914
9965
9090
6334
9802
2549
3777
7298
4946
7955
9934
5197
8899
6763
6720
1532
2980
9585
588
9714
80
4644
1671
6440
8134
5597
1177
3098
8647
9703
5456
4665
9086
9445
1186
4620
6765
3450
7196
63
4032
4685
6071
2056
294
6583
9997
380
4480
8053
5275
4983
2498
9405
2968
6474
2130
3518
7451
5750
2799
1008
6707
9671
4132
9327
7479
5449
4438
4009
9635
640
8168
4136
8231
3103
3237
4023
4080
1736
8954
7417
9790
7080
3764
3957
704
3019
1287
636
9798
1695
5215
8993
804
3746
6771
8032
9894
6074
1505
5286
7400
4970
4074
9431
5680
7126
3424
5544
8913
8915
3018
6854
8970
6369
1089
5039
1077
3289
2535
1442
79
1636
6024
6940
13
9095
678
6027
5954
1639
1536
157
9406
9078
6303
7893
412
737
7313
7602
3388
1686
7567
1151
1175
2121
9908
9998
5338
9437
2573
5341
5593
7183
6779
8165
8241
7481
3329
9843
8587
9403
1626
4039
2517
6766
8217
6191
2295
9588
6398
9726
8628
1858
3316
1501
2832
5210
669
3027
6283
9520
4419
8202
2825
6694
8682
3738
4344
6667
9480
1014
2400
874
8084
6855
6295
9813
6858
5957
495
2181
8776
512
3250
3466
884
1447
4673
9553
5607
4096
8742
6442
3565
2302
5931
5061
3373
6812
8330
980
9020
4801
2108
978
9232
3614
5207
1548
3100
1982
8014
9961
4649
7205
6996
9646
9017
1415
6723
5127
6703
5314
2046
2004
1683
5357
1962
9217
1943
8720
612
2370
7489
5659
2257
5896
5547
5785
8826
7003
7471
1441
8384
7147
8322
6995
6659
6466
8398
5920
9557
2467
7644
957
9441
3444
2612
9842
3059
161
3399
6790
32
5734
2022
7275
2650
5850
5590
3231
4593
147
6426
9735
67
8333
3619
8708
6496
9045
1295
7349
7793
388
4285
6927
3370
8868
6400
7495
9624
7679
9797
1318
4976
7027
919
4832
932
1730
7188
2227
4871
2470
675
692
6113
3441
1249
5561
1162
6192
5483
8585
3756
1526
1396
4473
663
1650
3817
6729
6098
8577
1122
1654
6627
7899
4256
2533
4314
7283
1860
2472
9873
2403
7398
5235
2150
1182
8043
4029
7473
3396
9169
6696
2833
9542
3796
8578
8070
9373
1185
7113
3200
9751
6195
6514
7709
6877
1095
9323
9680
7971
177
4948
9766
5382
3383
3436
5056
2990
8280
75
5401
6886
843
9594
149
6819
1072
7656
3576
6570
2406
1312
7783
460
9491
421
5198
1739
8373
9697
4590
6826
7980
9910
1167
9743
7304
4334
4633
1040
3340
3376
2226
947
8648
951
7892
8563
3669
6596
8931
3635
5807
5674
9040
2371
4197
8024
6438
5974
3762
5325
4338
8519
6087
1074
7690
514
7439
3930
5853
5828
6710
1808
4760
3831
1039
7112
345
7237
7530
4406
7045
6455
2987
9513
9866
6107
7058
9586
4798
3187
6839
8548
2739
871
881
6506
8731
552
1925
3367
857
772
8135
946
9458
8515
3038
5026
5257
5964
6231
5234
9455
2567
2032
9267
1904
213
8833
9127
8504
6038
9713
9460
5261
7713
3797
2636
731
4095
3650
5420
7721
8295
8604
7998
8549
8246
4771
4180
7760
9973
3879
8421
5530
127
2065
4185
7734
4469
9290
8151
7310
1909
4155
4104
6988
2116
925
5402
8816
4905
5932
463
4441
5036
482
622
238
2847
834
3631
2417
3824
3099
6621
8934
8357
1828
201
5586
7148
1471
3526
5211
5368
833
3590
7067
1642
4852
8959
6844
34
1134
6958
7092
5505
8431
603
3489
8559
3809
1756
265
5265
7640
1645
2277
7629
9386
6608
9917
9456
9948
5739
8715
730
3092
4363
295
9417
7175
7854
4105
4494
4779
5248
5399
8350
5394
8920
2182
6428
1217
2281
1180
4386
1055
9430
4720
3075
5615
1708
6523
8869
7084
5432
8606
3246
1984
9907
7731
6144
219
4610
7129
1804
3561
6898
2846
8612
5818
6672
9576
5946
6106
5168
3253
7149
2082
7535
2775
3333
9584
9438
3168
2956
979
6196
7885
8086
7589
3848
8460
6338
1573
3392
7935
9421
8747
4541
9728
3920
162
4252
1522
896
1222
9309
3041
7926
9663
5003
8988
6055
7160
476
139
7217
22
8363
8562
4346
7769
5302
5150
4033
9442
8019
5444
7796
271
1133
3478
1873
5723
515
2429
9846
5594
6405
8668
9911
658
9985
751
602
2981
2786
3175
2053
2115
2036
4847
7663
8456
5937
9316
7613
2513
7511
3934
736
1255
6515
1583
5813
7199
7083
2486
6674
1298
733
2337
2509
4539
3257
5283
8555
8051
1183
1025
3536
8248
1795
9615
1153
4571
8104
7276
4306
5746
6190
8567
865
6730
6445
1580
3162
2895
3525
2276
3003
8021
7912
4773
5272
1366
9993
6799
625
6517
5804
2404
4272
461
7030
2386
9037
2622
5001
5936
2619
8236
6396
5289
8964
4504
8683
4265
1462
2606
6689
9144
8358
4746
5173
4516
4711
4598
9521
2623
73
7133
629
3869
3906
1496
406
9826
2723
4475
369
292
8870
4166
3408
350
6432
1386
1897
4354
8386
2095
7983
5991
3305
2889
5111
7633
4231
1506
3654
3088
9448
941
7140
504
6969
812
5457
7066
2695
4360
1108
1725
1635
2305
9097
1849
6412
955
220
962
835
7649
133
3961
373
3990
2707
1273
8979
5466
5014
3584
9601
3323
9422
3680
2229
9259
8105
1586
6784
2579
3178
7319
806
6408
8213
7878
6495
1681
6731
7766
6269
4401
794
4103
7350
6530
5216
3728
6594
8379
1643
1373
8980
6581
100
5059
3125
326
1707
3010
9470
9225
599
4429
9184
5381
5950
1454
3996
256
4352
169
5852
2669
8706
7331
7642
4588
4888
689
4669
5074
8464
1410
8669
7369
5747
330
4990
7024
231
9351
3426
1732
9396
4972
9768
497
4605
7303
8150
3173
8575
5608
5030
5116
1863
8152
5645
1424
3827
2273
6808
6527
5311
211
8338
2048
1787
7012
9233
2601
8286
9286
6028
2746
8535
9958
9941
3651
7134
2875
5067
4670
7824
9835
7300
507
3446
5978
105
1553
4361
7819
1445
3043
4924
7256
9525
9246
6268
2651
2484
5418
6661
3916
2501
2931
9360
2548
758
4350
1054
5453
9423
5245
8733
8409
3028
6902
4365
2353
4169
7844
7966
7821
1365
987
6447
2102
6219
1307
8893
5884
5869
9968
3972
556
5705
8423
2205
5549
8553
4405
6626
2105
1963
4742
4829
8435
2725
4439
7818
450
642
695
4955
3792
7779
9555
2647
715
3924
3719
8805
2930
3794
1368
7873
6595
2845
7500
7692
4111
3202
2668
2322
6347
6285
4651
2544
2089
968
7049
5203
8287
5263
2527
8638
4211
1004
4725
3782
1781
2045
5312
3181
7338
5748
5023
2673
7458
7422
2552
1030
5677
4408
8106
7370
1031
2356
9240
5174
2118
3601
5278
4936
3822
774
7001
8383
3800
8984
7689
364
3023
4850
2687
775
5776
767
1428
6646
616
2848
7958
5678
8508
3477
964
160
2189
8467
1844
4961
8487
5135
7231
1300
9878
2245
3209
3109
7900
6544
4143
309
4505
5486
3548
3901
5519
3409
5728
4318
6057
4886
3406
7505
7696
1762
1527
1101
706
9084
7465
7753
1032
9994
2235
2397
8331
7698
1969
5178
4226
2409
2241
6020
3271
742
1907
2910
6644
5224
7859
2632
6881
1833
542
4040
660
5588
2504
1832
5753
7101
7641
3893
7748
1236
1647
7621
605
5253
8237
2625
3744
4966
6740
3956
237
82
2114
331
7883
7249
462
2140
3364
3861
2085
6138
9560
4447
6900
9221
8802
2666
7990
1764
3976
9280
9428
1192
8212
1381
7005
1746
6143
2061
2853
7608
5108
754
4221
5864
3999
813
5834
8243
5130
7839
3829
1160
2143
4435
1894
7952
2009
9964
6618
1276
304
8686
652
4637
7145
2735
1098
7111
6750
5722
7227
7699
3242
5230
7978
6119
1661
9953
9355
134
2272
6956
5580
544
6933
3141
9568
9147
3850
6985
7484
1457
1607
6788
2238
9956
190
988
1446
2479
4063
114
3591
4213
2437
3733
5876
8949
4753
148
7794
3527
6613
8722
6512
6430
8052
4184
8819
2726
3977
1282
8932
3711
4330
7646
2955
5196
4225
9694
7427
5492
4791
5361
1073
9966
6684
6966
9005
7295
4934
1655
1127
9150
7645
7775
2869
921
6104
4171
668
2882
655
7761
8020
2060
9317
5714
5611
4324
1861
2431
4867
2963
9137
1578
1720
9573
4343
4643
9241
840
233
218
2800
9453
1816
8157
7131
3664
5692
9834
6079
2996
7022
3788
5300
6835
451
481
757
4622
7062
802
5162
2949
8882
6452
8497
5244
8950
7169
6336
4926
7366
5236
4716
5893
2174
6170
9818
9925
7773
9447
4989
4219
2564
5690
12
3384
5137
3123
4999
1333
4336
3439
6697
1404
9630
7372
5031
3169
5122
2499
2640
4940
6280
7671
1538
4160
6051
4485
7975
2554
6030
694
9193
6365
8568
4460
9758
4487
7035
6534
9498
9268
6236
8210
6242
5516
2856
9530
6859
1606
8725
1241
318
1096
5468
457
1448
5983
4223
121
9126
9591
2381
6194
898
23
7114
1043
6943
9673
9564
8749
5388
443
2040
4979
831
363
6557
5887
5707
1258
1525
4825
4270
5378
8845
3516
1600
164
4739
9067
4697
4488
7604
1264
1155
9718
7167
3026
7889
8320
2593
1637
6487
1120
3922
5497
8896
1691
6305
5479
2052
2352
8425
9629
6774
4793
3689
7915
9486
299
9334
1050
8412
8327
2727
2167
3643
212
9757
7870
1272
4751
5142
783
88
574
5193
8622
8419
5934
5855
6671
4895
5076
4157
8199
6500
2284
6394
3578
3963
8939
9938
5548
1235
6880
1763
3971
6329
2814
266
6587
5410
2327
5254
6912
9759
465
933
7542
5169
9841
2124
3595
1437
1464
9893
4754
5488
5191
5004
3386
8658
5448
4701
2025
8765
4446
6060
3836
9987
8922
5369
2879
7865
2306
4094
1071
1403
7184
1114
6456
7586
725
2708
4005
3541
6921
3433
3730
2692
9016
5484
4572
535
1493
2577
7942
1184
2112
4606
789
488
6328
9305
4851
2924
5155
3753
7448
3994
2791
520
2041
1948
3853
5874
8440
7433
3032
394
5421
8453
4738
3430
7950
3110
5691
2745
5933
7790
8524
9276
4956
4147
5825
6937
5165
3483
5791
2884
