935
360
241
621
536
787
133
998
230
177
420
984
556
655
760
433
147
198
728
386
330
182
503
451
394
156
987
303
320
125
936
248
926
601
441
501
401
142
619
731
229
988
185
835
527
425
119
758
622
666
727
257
490
333
478
604
204
58
365
277
725
216
853
723
75
924
847
963
169
658
919
281
145
449
771
674
176
280
417
722
829
373
677
864
115
306
704
716
141
53
568
826
62
274
702
445
404
808
421
922
911
724
285
721
10
424
343
86
139
457
625
812
154
513
438
917
436
921
264
342
387
460
223
878
155
111
914
238
522
96
134
572
645
995
314
607
6
348
885
943
203
92
549
893
687
34
735
772
603
228
379
114
289
770
651
409
573
157
578
980
554
614
44
473
470
493
181
175
717
42
526
571
794
707
168
263
9
806
352
523
383
353
429
50
150
537
882
270
858
657
697
654
838
327
595
545
201
247
819
639
321
744
251
471
749
337
359
422
810
57
561
931
626
276
736
891
586
130
60
688
934
741
815
563
499
629
307
282
240
902
149
2
318
656
190
883
74
286
947
319
448
84
64
992
778
459
609
518
328
351
670
196
55
474
781
746
525
617
410
959
694
797
789
985
477
151
335
784
117
652
845
258
981
400
863
97
839
407
468
907
469
166
635
792
63
210
437
355
67
243
890
737
279
496
842
856
824
869
435
472
944
689
363
292
906
742
507
991
41
552
880
844
187
377
903
763
304
905
85
913
316
852
623
272
865
679
336
485
782
207
659
800
127
297
495
521
491
946
358
551
194
945
302
152
898
309
673
236
398
528
755
541
696
779
118
36
508
136
265
408
841
233
733
648
311
269
671
738
851
475
783
390
110
942
59
627
583
385
227
990
131
560
234
396
411
516
484
989
956
766
49
454
366
927
809
275
347
683
108
89
533
952
765
30
124
569
412
732
350
916
113
637
123
602
112
662
730
137
440
16
237
317
467
481
743
672
443
532
831
715
608
504
994
708
565
1
171
392
431
206
509
958
105
288
580
29
643
402
997
439
951
734
69
993
570
334
26
828
897
384
218
647
588
553
803
479
212
940
900
633
706
821
8
775
389
780
65
51
138
4
165
128
587
684
892
211
685
465
840
740
239
517
82
174
718
562
920
5
598
546
11
681
103
896
999
27
582
393
200
226
349
667
827
31
364
45
776
341
430
790
205
928
414
162
531
739
611
463
173
376
756
301
266
805
222
693
575
464
585
332
406
837
219
273
480
594
143
159
548
299
686
250
695
769
957
214
888
455
242
712
825
512
262
910
559
172
836
665
663
567
514
153
520
47
419
132
380
68
515
209
450
750
284
447
871
33
967
701
773
875
356
867
925
444
17
146
35
901
18
88
106
832
590
996
807
66
296
720
315
620
388
416
874
98
54
362
199
24
423
329
691
692
121
848
403
253
48
859
649
235
606
259
43
600
246
801
700
979
544
126
107
678
680
986
939
213
636
71
148
164
923
887
52
745
675
339
631
197
640
886
955
970
179
453
81
122
261
482
83
954
278
930
91
909
798
188
624
530
510
378
752
73
557
497
682
3
340
184
382
550
116
642
79
961
290
76
72
325
80
120
714
813
19
99
101
294
895
312
224
381
632
822
313
962
87
574
231
90
372
915
804
217
983
391
834
753
295
418
483
432
195
668
7
713
405
28
615
326
539
929
610
256
542
618
638
971
899
163
599
38
660
22
751
535
830
849
109
543
796
628
249
843
937
761
534
555
462
20
426
322
524
158
220
729
540
866
232
823
466
395
690
78
862
726
310
868
244
456
93
215
375
767
699
894
255
15
577
324
644
183
40
768
180
879
505
661
291
705
816
977
634
506
486
833
511
519
854
61
703
308
799
976
785
13
591
870
873
338
972
669
260
305
581
94
14
369
361
904
370
938
558
345
178
872
476
300
271
757
95
710
664
711
579
529
488
267
293
354
966
371
225
374
221
46
413
978
191
950
912
965
964
592
941
861
564
948
593
192
186
969
616
25
811
584
709
817
960
820
21
759
12
908
160
399
650
346
208
846
498
802
653
646
786
975
368
613
415
193
762
596
102
932
814
144
397
331
442
968
597
502
428
170
884
446
23
489
860
0
889
252
189
793
855
56
344
719
589
492
254
298
427
641
630
452
245
434
857
161
167
135
287
876
283
487
538
323
764
576
39
494
748
818
357
612
788
850
877
547
458
747
70
774
933
367
676
77
461
104
982
37
953
777
754
129
791
698
268
566
500
32
140
974
881
795
918
100
973
605
202
949
